(-1,-2) would indicate a kick of 1 cell left and 2 cells up.

J, L, S, T, Z Tetromino Wall Kick Data
 
      Test 1 	Test 2 	Test 3 	Test 4 	Test 5
0->R	( 0, 0)	(-1, 0)	(-1,-1)	( 0,+2)	(-1,+2)
R->0	( 0, 0)	(+1, 0)	(+1,+1)	( 0,-2)	(+1,-2)
R->2	( 0, 0)	(+1, 0)	(+1,+1)	( 0,-2)	(+1,-2)
2->R	( 0, 0)	(-1, 0)	(-1,-1)	( 0,+2)	(-1,+2)
2->L	( 0, 0)	(+1, 0)	(+1,-1)	( 0,+2)	(+1,+2)
L->2	( 0, 0)	(-1, 0)	(-1,+1)	( 0,-2)	(-1,-2)
L->0	( 0, 0)	(-1, 0)	(-1,+1)	( 0,-2)	(-1,-2)
0->L	( 0, 0)	(+1, 0)	(+1,-1)	( 0,+2)	(+1,+2)

I Tetromino Wall Kick Data 
      Test 1 	Test 2 	Test 3 	Test 4 	Test 5
0->R	( 0, 0)	(-2, 0)	(+1, 0)	(-2,+1)	(+1,-2)
R->0	( 0, 0)	(+2, 0)	(-1, 0)	(+2,-1)	(-1,+2)
R->2	( 0, 0)	(-1, 0)	(+2, 0)	(-1,-2)	(+2,+1)
2->R	( 0, 0)	(+1, 0)	(-2, 0)	(+1,+2)	(-2,-1)
2->L	( 0, 0)	(+2, 0)	(-1, 0)	(+2,-1)	(-1,+2)
L->2	( 0, 0)	(-2, 0)	(+1, 0)	(-2,+1)	(+1,-2)
L->0	( 0, 0)	(+1, 0)	(-2, 0)	(+1,+2)	(-2,-1)
0->L	( 0, 0)	(-1, 0)	(+2, 0)	(-1,-2)	(+2,+1)


